97.06997871398926 0.018334150314331055
95.58162689208984 0.23588895797729492
92.35550165176392 0.452075719833374
89.81221914291382 0.6746387481689453
86.95818185806274 0.8977091312408447
83.56032371520996 1.1144015789031982
80.77579736709595 1.3324542045593262
77.96673774719238 1.5489890575408936
75.15767812728882 1.7645347118377686
72.3240852355957 1.9799144268035889
69.49458122253418 2.194912910461426
66.72641038894653 2.4112727642059326
63.749706745147705 2.62615704536438
61.067402362823486 2.8385608196258545
58.609986305236816 3.050790309906006
55.50652742385864 3.2627766132354736
53.11044454574585 3.4746487140655518
50.85338354110718 3.6880064010620117
48.1015682220459 3.9003920555114746
45.39473056793213 4.1129419803619385
43.05589199066162 4.328045845031738
40.745675563812256 4.5429723262786865
38.014304637908936 4.758765697479248
35.237956047058105 4.974063158035278
7.891535758972168 5.187812328338623
