70.17333507537842 0.01833939552307129
70.19377946853638 0.23589324951171875
54.10813093185425 0.45207905769348145
70.99519968032837 0.674645185470581
68.69724988937378 0.8977172374725342
66.86134338378906 1.1144075393676758
66.17032289505005 1.3324625492095947
65.18490314483643 1.5489964485168457
67.01263189315796 1.7645421028137207
63.18544149398804 1.9799201488494873
61.66437864303589 2.194920301437378
60.94473600387573 2.4112799167633057
59.23967361450195 2.6261632442474365
58.1193208694458 2.838564395904541
57.44056701660156 3.0507936477661133
57.70634412765503 3.262779951095581
58.27469825744629 3.4746525287628174
71.36319875717163 3.6880102157592773
70.55360078811646 3.9003965854644775
69.9320912361145 4.112946510314941
69.37600374221802 4.328052282333374
69.41280364990234 4.542979001998901
69.5354700088501 4.758772611618042
70.62720060348511 4.974070072174072
70.54951190948486 5.187823057174683
